val: -1.1853445364250987
val: 0.7913903951851451
val: -0.0017004491619810312
val: 0.055
Input Device: default
The time resolution is: 0.000022675737
angle_resolution: 8.129925 degrees
0.1095312
0.9438857
1.0577613
0.94979084
1.0379589
0.97574294
1.0117347
0.9978445
0.99624133
1.006238
0.99384075
1.0046438
0.99729335
1.0010365
1.0000527
0.9994467
1.0006275
0.99951744
1.0002826
0.9998785
1.0000261
1.000013
0.9999801
1.0000138
0.999993
1.0000023
0.9999994
1
0.9999999
0.9999999
0.9999999
0.9999999
0.99999994
0.9999999
0.9999999
1
0.9999998
0.9999999
0.9999999
0.9999999
0.9999998
0.9999999
0.9999998
0.9999999
1
0.9999999
0.9999999
0.9999999
0.9999998
0.9999998
1
0.9999998
0.99999976
0.9999999
0.9999999
0.9999999
0.9999998
0.9999998
1
0.9999999
0.9999998
0.9999998
0.9999999
0.9999999
0.9999999
0.99999994
0.99999994
0.9999999
0.9999999
0.99999994
0.9999998
0.99999994
0.9999999
0.99999994
0.99999994
0.9999999
0.99999994
0.9999999
0.9999999
0.99999994
0.99999994
0.9999999
0.9999999
0.9999999
0.9999999
0.9999999
0.9999998
0.9999999
0.99999994
1
0.9999998
0.9999998
0.9999999
0.9999999
1
0.99999976
0.9999998
1
0.9999999
0.9999999
0.9999999
0.9999999
0.99999994
0.9999999
0.9999999
0.9999998
0.99999994
0.9999998
0.9999999
0.9999999
0.9999999
0.9999999
0.99999994
0.9999999
0.99999994
0.99999994
0.99999994
0.9999999
0.9999999
0.9999998
1
0.9999998
0.9999999
0.9999999
1
0.9999999
0.9999999
0.9999999
0.9999999
0.9999999
0.9999999
1
0.9999998
0.9999999
0.9999998
0.9999998
0.9999998
1
0.9999998
0.99999976
0.9999999
0.9999999
0.9999998
0.9999999
0.9999999
0.9999999
0.9999998
0.9999998
1
0.9999998
0.9999999
0.9999999
0.9999999
0.9999999
0.9999999
0.9999999
0.9999998
0.9999999
0.9999999
0.9999999
0.9999999
1
0.9999998
1
0.99999976
0.9999999
0.9999999
0.9999998
0.9999999
0.9999999
1
0.9999998
0.9999999
1
1
0.9999998
0.9999999
0.9999999
0.9999999
0.99999994
0.9999999
0.9999999
1
0.9999998
0.9999999
0.9999999
0.9999999
0.9999998
0.9999999
0.9999998
0.9999999
1
0.9999999
0.9999999
0.9999999
0.9999998
0.9999998
1
0.9999998
0.99999976
0.9999999
0.9999999
0.9999999
0.9999998
0.9999998
1
0.9999999
0.9999998
0.9999998
0.9999999
0.9999999
0.9999999
0.99999994
0.99999994
0.9999999
0.9999999
0.99999994
0.9999998
0.99999994
0.9999999
0.99999994
0.99999994
0.9999999
0.99999994
0.9999999
0.9999999
0.99999994
0.99999994
0.9999999
0.9999999
0.9999999
0.9999999
0.9999999
0.9999998
0.9999999
0.99999994
1
0.9999998
0.9999998
0.9999999
0.9999999
1
0.99999976
0.9999998
1
0.9999999
0.9999999
0.9999999
0.9999999
0.99999994
0.9999999
0.9999999
0.9999998
0.99999994
0.9999998
0.9999999
0.9999999
0.9999999
0.9999999
0.99999994
0.9999999
0.99999994
0.99999994
0.99999994
0.9999999
0.9999999
0.9999998
1
0.9999998
0.9999999
0.9999999
1
0.9999999
0.9999999
0.9999999
0.9999999
0.9999999
0.9999999
1
0.9999998
0.9999999
0.9999998
0.9999998
0.9999998
1
0.9999998
0.99999976
0.9999999
0.9999999
0.9999998
0.9999999
0.9999999
0.9999999
0.9999998
0.9999998
1
0.9999998
0.9999999
0.9999999
0.9999999
0.9999999
0.9999999
0.9999999
0.9999998
0.9999999
0.9999999
0.9999999
0.9999999
1
0.9999998
1
0.99999976
0.9999999
0.9999999
0.9999998
0.9999999
0.9999999
1
0.9999998
0.9999999
1
1
0.9999998
0.9999999
0.9999999
0.9999999
0.99999994
0.9999999
0.9999999
1
0.9999998
0.9999999
0.9999999
0.9999999
0.9999998
0.9999999
0.9999998
0.9999999
1
0.9999999
0.9999999
0.9999999
0.9999998
0.9999998
1
0.9999998
0.99999976
0.9999999
0.9999999
0.9999999
0.9999998
0.9999998
1
0.9999999
0.9999998
0.9999998
0.9999999
0.9999999
0.9999999
0.99999994
0.99999994
0.9999999
0.9999999
0.99999994
0.9999998
0.99999994
0.9999999
0.99999994
0.99999994
0.9999999
0.99999994
0.9999999
0.9999999
0.99999994
0.99999994
0.9999999
0.9999999
0.9999999
0.9999999
0.9999999
0.9999998
0.9999999
0.99999994
1
0.9999998
0.9999998
0.9999999
0.9999999
1
0.99999976
0.9999998
1
0.9999999
0.9999999
0.9999999
0.9999999
0.99999994
0.9999999
0.9999999
0.9999998
0.99999994
0.9999998
0.9999999
0.9999999
0.9999999
0.9999999
0.99999994
0.9999999
0.99999994
0.99999994
0.99999994
0.9999999
0.9999999
0.9999998
1
0.9999998
0.9999999
0.9999999
1
0.9999999
0.9999999
0.9999999
0.9999999
0.9999999
0.9999999
1
0.9999998
0.9999999
0.9999998
0.9999998
0.9999998
1
0.9999998
0.99999976
0.9999999
0.9999999
0.9999998
0.9999999
0.9999999
0.9999999
0.9999998
0.9999998
1
0.9999998
0.9999999
0.9999999
0.9999999
0.9999999
0.9999999
0.9999999
0.9999998
0.9999999
0.9999999
0.9999999
0.9999999
1
0.9999998
1
0.99999976
0.9999999
0.9999999
0.9999998
0.9999999
0.9999999
1
0.9999998
0.9999999
1
1
0.9999998
0.9999999
0.9999999
0.9999999
0.99999994
0.9999999
0.9999999
1
0.9999998
0.9999999
0.9999999
0.9999999
0.9999998
0.9999999
0.9999998
0.9999999
1
0.9999999
0.9999999
0.9999999
0.9999998
0.9999998
1
0.9999998
0.99999976
0.9999999
0.9999999
0.9999999
0.9999998
0.9999998
1
0.9999999
0.9999998
0.9999998
0.9999999
0.9999999
0.9999999
0.99999994
0.99999994
0.9999999
0.9999999
0.99999994
0.9999998
0.99999994
0.9999999
0.99999994
0.99999994
0.9999999
0.99999994
0.9999999
0.9999999
0.99999994
0.99999994
0.9999999
0.9999999
0.9999999
0.9999999
0.9999999
0.9999998
0.9999999
0.99999994
1
0.9999998
0.9999998
0.9999999
0.9999999
1
0.99999976
0.9999998
1
0.9999999
0.9999999
0.9999999
0.9999999
0.99999994
0.9999999
0.9999999
0.9999998
0.99999994
0.9999998
0.9999999
0.9999999
0.9999999
0.9999999
0.99999994
0.9999999
0.99999994
0.99999994
0.99999994
0.9999999
0.9999999
0.9999998
1
0.9999998
0.9999999
0.9999999
1
0.9999999
0.9999999
0.9999999
0.9999999
0.9999999
0.9999999
1
0.9999998
0.9999999
0.9999998
0.9999998
0.9999998
1
0.9999998
0.99999976
0.9999999
0.9999999
0.9999998
0.9999999
0.9999999
0.9999999
0.9999998
0.9999998
1
0.9999998
0.9999999
0.9999999
0.9999999
0.9999999
0.9999999
0.9999999
0.9999998
0.9999999
0.9999999
0.9999999
0.9999999
1
0.9999998
1
0.99999976
0.9999999
0.9999999
0.9999998
0.9999999
0.9999999
1
0.9999998
0.9999999
1
1
0.9999998
0.9999999
0.9999999
0.9999999
0.99999994
0.9999999
0.9999999
1
0.9999998
0.9999999
0.9999999
0.9999999
0.9999998
0.9999999
0.9999998
0.9999999
1
0.9999999
0.9999999
0.9999999
0.9999998
0.9999998
1
0.9999998
0.99999976
0.9999999
0.9999999
0.9999999
0.9999998
0.9999998
1
0.9999999
0.9999998
0.9999998
0.9999999
0.9999999
0.9999999
0.99999994
0.99999994
0.9999999
0.9999999
0.99999994
0.9999998
0.99999994
0.9999999
0.99999994
0.99999994
0.9999999
0.99999994
0.9999999
0.9999999
0.99999994
0.99999994
0.9999999
0.9999999
0.9999999
0.9999999
0.9999999
0.9999998
0.9999999
0.99999994
1
0.9999998
0.9999998
0.9999999
0.9999999
1
0.99999976
0.9999998
1
0.9999999
0.9999999
0.9999999
0.9999999
0.99999994
0.9999999
0.9999999
0.9999998
0.99999994
0.9999998
0.9999999
0.9999999
0.9999999
0.9999999
0.99999994
0.9999999
0.99999994
0.99999994
0.99999994
0.9999999
0.9999999
0.9999998
1
0.9999998
0.9999999
0.9999999
1
0.9999999
0.9999999
0.9999999
0.9999999
0.9999999
0.9999999
1
0.9999998
0.9999999
0.9999998
0.9999998
0.9999998
1
0.9999998
0.99999976
0.9999999
0.9999999
0.9999998
0.9999999
0.9999999
0.9999999
0.9999998
0.9999998
1
0.9999998
0.9999999
0.9999999
0.9999999
0.9999999
0.9999999
0.9999999
0.9999998
0.9999999
0.9999999
0.9999999
0.9999999
1
0.9999998
1
0.99999976
0.9999999
0.9999999
0.9999998
0.9999999
0.9999999
1
0.9999998
0.9999999
1
1
0.9999998
0.9999999
0.9999999
0.9999999
0.99999994
0.9999999
0.9999999
1
0.9999998
0.9999999
0.9999999
0.9999999
0.9999998
0.9999999
0.9999998
0.9999999
1
0.9999999
0.9999999
0.9999999
0.9999998
0.9999998
1
0.9999998
0.99999976
0.9999999
0.9999999
0.9999999
0.9999998
0.9999998
1
0.9999999
0.9999998
0.9999998
0.9999999
0.9999999
0.9999999
0.99999994
0.99999994
0.9999999
0.9999999
0.99999994
0.9999998
0.99999994
0.9999999
0.99999994
0.99999994
0.9999999
0.99999994
0.9999999
0.9999999
0.99999994
0.99999994
0.9999999
0.9999999
0.9999999
0.9999999
0.9999999
0.9999998
0.9999999
0.99999994
1
0.9999998
0.9999998
0.9999999
0.9999999
1
0.99999976
0.9999998
1
0.9999999
0.9999999
0.9999999
0.9999999
0.99999994
0.9999999
0.9999999
0.9999998
0.99999994
0.9999998
0.9999999
0.9999999
0.9999999
0.9999999
0.99999994
0.9999999
0.99999994
0.99999994
0.99999994
0.9999999
0.9999999
0.9999998
1
0.9999998
0.9999999
0.9999999
1
0.9999999
0.9999999
0.9999999
0.9999999
0.9999999
0.9999999
1
0.9999998
0.9999999
0.9999998
0.9999998
0.9999998
1
0.9999998
0.99999976
0.9999999
0.9999999
0.9999998
0.9999999
0.9999999
0.9999999
0.9999998
0.9999998
1
0.9999998
0.9999999
0.9999999
0.9999999
0.9999999
0.9999999
0.9999999
0.9999998
0.9999999
0.9999999
0.9999999
0.9999999
1
0.9999998
1
0.99999976
0.9999999
0.9999999
0.9999998
0.9999999
0.9999999
1
0.9999998
0.9999999
1
1
0.9999998
0.9999999
0.9999999
0.9999999
0.99999994
0.9999999
0.9999999
1
0.9999998
0.9999999
0.9999999
0.9999999
0.9999998
0.9999999
0.9999998
0.9999999
1
0.9999999
0.9999999
0.9999999
0.9999998
0.9999998
1
0.9999998
0.99999976
0.9999999
0.9999999
0.9999999
0.9999998
0.9999998
1
0.9999999
0.9999998
0.9999998
0.9999999
0.9999999
0.9999999
0.99999994
0.99999994
0.9999999
0.9999999
0.99999994
0.9999998
0.99999994
0.9999999
0.99999994
0.99999994
0.9999999
0.99999994
0.9999999
0.9999999
0.99999994
0.99999994
0.9999999
0.9999999
0.9999999
0.9999999
0.9999999
0.9999998
0.9999999
0.99999994
1
0.9999998
0.9999998
0.9999999
0.9999999
1
0.99999976
0.9999998
1
0.9999999
0.9999999
0.9999999
0.9999999
0.99999994
0.9999999
0.9999999
0.9999998
0.99999994
0.9999998
0.9999999
0.9999999
0.9999999
0.9999999
0.99999994
0.9999999
0.99999994
0.99999994
0.99999994
0.9999999
0.9999999
0.9999998
1
0.9999998
0.9999999
0.9999999
1
0.9999999
0.9999999
0.9999999
0.9999999
0.9999999
0.9999999
1
0.9999998
0.9999999
0.9999998
0.9999998
0.9999998
1
0.9999998
0.99999976
0.9999999
0.9999999
0.9999998
0.9999999
0.9999999
0.9999999
0.9999998
0.9999998
1
0.9999998
0.9999999
0.9999999
0.9999999
0.9999999
0.9999999
0.9999999
0.9999998
0.9999999
0.9999999
0.9999999
0.9999999
1
0.9999998
1
0.99999976
0.9999999
0.9999999
0.9999998
0.9999999
0.9999999
1
0.9999998
0.9999999
1
1
0.9999998
0.9999999
0.9999999
0.9999999
0.99999994
0.9999999
0.9999999
1
0.9999998
0.9999999
0.9999999
0.9999999
0.9999998
0.9999999
0.9999998
0.9999999
1
0.9999999
0.9999999
0.9999999
0.9999998
0.9999998
1
0.9999998
0.99999976
0.9999999
0.9999999
0.9999999
0.9999998
0.9999998
1
0.9999999
0.9999998
0.9999998
0.9999999
0.9999999
0.9999999
0.99999994
0.99999994
0.9999999
0.9999999
0.99999994
0.9999998
0.99999994
0.9999999
0.99999994
0.99999994
0.9999999
0.99999994
0.9999999
0.9999999
0.99999994
0.99999994
0.9999999
0.9999999
0.9999999
0.9999999
0.9999999
0.9999998
0.9999999
0.99999994
1
0.9999998
0.9999998
0.9999999
0.9999999
1
0.99999976
0.9999998
1
0.9999999
0.9999999
0.9999999
0.9999999
0.99999994
0.9999999
0.9999999
0.9999998
0.99999994
0.9999998
0.9999999
0.9999999
0.9999999
0.9999999
0.99999994
0.9999999
0.99999994
0.99999994
0.99999994
0.9999999
0.9999999
0.9999998
1
0.9999998
0.9999999
0.9999999
1
0.9999999
0.9999999
0.9999999
0.9999999
0.9999999
0.9999999
1
0.9999998
0.9999999
0.9999998
0.9999998
0.9999998
1
0.9999998
0.99999976
0.9999999
0.9999999
0.9999998
0.9999999
0.9999999
0.9999999
0.9999998
0.9999998
1
0.9999998
0.9999999
0.9999999
0.9999999
0.9999999
0.9999999
0.9999999
0.9999998
0.9999999
0.9999999
0.9999999
0.9999999
1
0.9999998
1
0.99999976
0.9999999
0.9999999
0.9999998
0.9999999
0.9999999
1
0.9999998
0.9999999
1
1
0.9999998
0.9999999
0.9999999
0.9999999
0.99999994
0.9999999
0.9999999
1
0.9999998
0.9999999
0.9999999
0.9999999
0.9999998
0.9999999
0.9999998
0.9999999
1
0.9999999
0.9999999
0.9999999
0.9999998
0.9999998
1
0.9999998
0.99999976
0.9999999
0.9999999
0.9999999
0.9999998
0.9999998
1
0.9999999
0.9999998
0.9999998
0.9999999
0.9999999
0.9999999
0.99999994
0.99999994
0.9999999
0.9999999
0.99999994
0.9999998
0.99999994
0.9999999
0.99999994
0.99999994
0.9999999
0.99999994
0.9999999
0.9999999
0.99999994
0.99999994
0.9999999
0.9999999
0.9999999
0.9999999
0.9999999
0.9999998
0.9999999
0.99999994
1
0.9999998
0.9999998
0.9999999
0.9999999
1
0.99999976
0.9999998
1
0.9999999
0.9999999
0.9999999
0.9999999
0.99999994
0.9999999
0.9999999
0.9999998
0.99999994
0.9999998
0.9999999
0.9999999
0.9999999
0.9999999
0.99999994
0.9999999
0.99999994
0.99999994
0.99999994
0.9999999
0.9999999
0.9999998
1
0.9999998
0.9999999
0.9999999
1
0.9999999
0.9999999
0.9999999
0.9999999
0.9999999
0.9999999
1
0.9999998
0.9999999
0.9999998
0.9999998
0.9999998
1
0.9999998
0.99999976
0.9999999
0.9999999
0.9999998
0.9999999
0.9999999
0.9999999
0.9999998
0.9999998
1
0.9999998
0.9999999
0.9999999
0.9999999
0.9999999
0.9999999
0.9999999
0.9999998
0.9999999
0.9999999
0.9999999
0.9999999
1
0.9999998
1
0.99999976
0.9999999
0.9999999
0.9999998
0.9999999
0.9999999
1
0.9999998
0.9999999
1
1
0.9999998
0.9999999
0.9999999
0.9999999
0.99999994
0.9999999
0.9999999
1
0.9999998
0.9999999
0.9999999
0.9999999
0.9999998
0.9999999
0.9999998
0.9999999
1
0.9999999
0.9999999
0.9999999
0.9999998
0.9999998
1
0.9999998
0.99999976
0.9999999
0.9999999
0.9999999
0.9999998
0.9999998
1
0.9999999
0.9999998
0.9999998
0.9999999
0.9999999
0.9999999
0.99999994
0.99999994
0.9999999
0.9999999
0.99999994
0.9999998
0.99999994
0.9999999
0.99999994
0.99999994
0.9999999
0.9999999
0.9999999
1
0.99999905
1.0000027
0.99999374
1.00001
0.9999887
1.0000038
1.0000192
0.9999354
1.0001299
0.9997981
1.0002505
0.99976623
1.0001048
1.0001693
0.99940526
1.00113
0.9983239
1.0020611
0.99796873
1.0012269
1.0008495
0.9950718
1.0123264
0.9465617
0.8631761
0.9757426
1.0594883
0.83790153
0.82561487
1.027829
0.998089
0.992892
0.99886656
0.9862935
1.0094657
0.9943509
1.0023836
0.9999493
0.9987507
1.0016679
0.99850225
1.0010487
0.9994335
1.0001919
1.0000291
0.9998821
1.0001216
0.9999118
1.0000495
0.9999789
1.000005
1.000001
0.99999756
1.0000017
0.9999989
1.0000002
0.9999997
0.9999999
1
0.9999998
0.99999976
0.9999999
0.9999999
0.9999998
0.9999999
0.9999999
0.9999999
0.9999998
0.9999998
1
0.9999998
0.9999999
0.9999999
0.9999999
0.9999999
0.9999999
0.9999999
0.9999998
0.9999999
0.9999999
0.9999999
0.9999999
1
0.9999998
1
0.99999976
0.9999999
0.9999999
0.9999998
0.9999999
0.9999999
1
0.9999998
0.9999999
1
1
0.9999998
0.9999999
0.9999999
0.9999999
0.99999976
0.9999999
1.0000001
0.9999989
1.0000026
0.9999938
1.0000098
0.99998814
1.0000052
1.000017
0.9999361
1.0001336
0.99978954
1.0002531
0.99979913
0.9999877
1.0004185
0.9990236
1.0015299
0.9981888
1.001483
0.9997618
0.9978982
1.0055516
0.9898312
1.0170634
0.9635281
0.82340145
0.78132915
0.82197297
1.0506978
0.92609555
0.52616245
0.57813466
0.62136376
0.63719296
0.29862297
-0.11985156
0.21509823
0.28032964
-0.030731225
-0.061856423
-0.00463745
-0.038878687
-0.10469618
-0.10753009
0.09102641
0.13782203
-0.083038256
-0.15158235
-0.20063186
-0.07517256
-0.199123
-0.4209991
-0.20593795
-0.31377357
-0.3926015
-0.23895535
-0.33669356
-0.45654303
-0.43066648
-0.35752946
-0.31425294
-0.35509664
-0.5508967
-0.66148484
-0.7430963
-0.8595902
-0.7646353
-0.67383283
-0.8328191
-0.97618896
-0.89027774
-0.7873273
-0.8686547
-1.0108337
-1.004327
-0.9919653
-1.0078026
-0.9940511
-1.0036433
-0.99843967
-1.0000415
-1.0008249
-0.99887437
-1.0010384
-0.999243
-1.0004383
-0.99982125
-1.0000141
-1.0000621
-0.9999228
-1.0000614
-0.9999625
-1.0000178
-0.9999942
-1.0000005
-1.0000011
-0.999999
-1.0000006
-0.99999976
-1.0000001
-1
-0.99999994
-0.99999994
-1
-0.99999994
-0.99999994
-1
-1
-0.99999994
-1.0000002
-1
-1
-1
-0.9999998
-1.0000005
-0.999999
-1.0000019
-0.99999756
-1.0000023
-0.9999999
-0.9999951
-1.000013
-0.99997675
-1.0000329
-0.9999614
-1.0000371
-0.9999735
-1.0000081
-1.0000162
-0.99995625
-1.0000734
-0.99989825
-1.0001142
-0.99993664
-0.99982536
-1.0009117
-0.9967718
-0.98467636
-0.9895326
-0.98187506
-0.96886
-0.95866036
-0.87899184
-0.88552004
-1.0182265
-0.9581329
-0.750165
-0.8682141
-1.049498
-0.79990613
-0.62355393
-0.72425234
-0.8130125
-0.79593194
-0.8799504
-0.951103
-0.72842526
-0.8127816
-0.988248
-0.9776148
-0.8377769
-0.7042943
-0.99405444
-1.0431962
-0.8832906
-0.9521496
-1.0034248
-1.0022506
-0.997631
-1.0014102
-0.99944466
-1.0000433
-1.0001974
-0.9997078
-1.0003263
-0.9996681
-1.0003102
-0.9997406
-1.0001868
-0.9998919
-1.000041
-1.0000043
-0.99997354
-1.000031
-0.99997425
-1.0000162
-0.99999535
-0.9999906
-1.0000265
-0.9999573
-1.0000485
-0.99997044
-0.9999716
-1.0001307
-0.9997364
-1.0003864
-0.99956685
-1.0003264
-1.0000014
-0.99940616
-1.0015706
-0.99279284
-0.9993297
-1.0005689
-0.9976878
-1.006245
-0.983478
-0.98420143
-0.9726476
-0.9664803
-1.0058763
-1.0000751
-0.99768406
-1.0028814
-0.9974568
-1.0017898
-0.99903524
-1.000284
-1.0001568
-0.9996419
-1.0003784
-0.9997036
-1.0001824
-0.9999177
-1.0000157
-1.0000167
-0.99997497
-1.0000207
-0.9999872
-1.0000061
-0.999998
-1.0000002
-1.0000002
-0.99999976
-1.0000001
-0.99999994
-1
-1
-1
-1
-1
-1
-1
-0.9999999
-1.0000001
-1
-1
-1
-0.99999994
-0.99999994
-1
-0.99999994
-0.99999994
-1
-1
-0.99999994
-1.0000002
-1
-1
-0.9999999
-1
-0.99999994
-1
-1
-1
-0.99999994
-1
-1
-0.99999994
-0.9999999
-1
-1
-1
-1
-1.0000001
-0.9999999
-1.0000002
-0.99999964
-1.0000004
-1
-0.99999875
-1.0000042
-0.999991
-1.0000149
-0.99998116
-1.0000159
-0.99999964
-0.9999679
-1.0000826
-0.9998542
-1.000211
-0.999737
-1.0002817
-0.9997593
-1.0001013
-1.0001898
-0.9993086
-1.0014267
-0.9977114
-1.0028095
-0.9987551
-0.9790519
-0.97315335
-1.0141729
-0.9945576
-0.9935657
-1.021239
-0.77031493
-0.73023677
-0.93440896
-0.84507847
-0.61276126
-0.49613723
-0.6392327
-0.67525196
-0.5118767
-0.26433188
-0.20907223
-0.583688
-0.37388223
0.12168696
-0.052473444
-0.19661888
-0.06842003
0.024036348
0.025603905
-0.044424795
-0.06934594
0.00027603656
-0.05089695
-0.20327413
-0.18442942
-0.15714236
-0.25546336
-0.29752746
-0.20593958
-0.25969133
-0.40065545
-0.34116912
-0.4370758
-0.5354146
-0.2730913
-0.3715127
-0.5006658
-0.39622927
-0.455692
-0.30600983
-0.38271642
-0.53135276
-0.35338342
